5715,5715,5715,5715,5715,5715,5715,5715,5715,5715,5715,5715,5715,5715,5715,5715,5715,5715,5715,5715,5715,5715,5715,5715,5715,5715,5715,5715,5715,5715,5715,5715,5715,5715,5715,5715,5715,5715,5715,5715,5715,5715,5715,5715,5715,5715,5715,5715,5715,5715,

5716,5716,5716,5716,5716,5716,5716,5716,5716,5716,5716,5716,5716,5716,5716,5716,5716,5716,5716,5716,5716,5716,5716,5716,5716,5716,5716,5716,5716,5716,5716,5716,5716,5716,5716,5716,5716,5716,5716,5716,5716,5716,5716,5716,5716,5716,5716,5716,5716,5716,

5718,5718,5718,5718,5718,5718,5718,5718,5718,5718,5718,5718,5718,5718,5718,5718,5718,5718,5718,5718,5718,5718,5718,5718,5718,5718,5718,5718,5718,5718,5718,5718,5718,5718,5718,5718,5718,5718,5718,5718,5718,5718,5718,5718,5718,5718,5718,5718,5718,5718,

5720,5720,5720,5720,5720,5720,5720,5720,5720,5720,5720,5720,5720,5720,5720,5720,5720,5720,5720,5720,5720,5720,5720,5720,5720,5720,5720,5720,5720,5720,5720,5720,5720,5720,5720,5720,5720,5720,5720,5720,5720,5720,5720,5720,5720,5720,5720,5720,5720,5720,

5719,5719,5719,5719,5719,5719,5719,5719,5719,5719,5719,5719,5719,5719,5719,5719,5719,5719,5719,5719,5719,5719,5719,5719,5719,5719,5719,5719,5719,5719,5719,5719,5719,5719,5719,5719,5719,5719,5719,5719,5719,5719,5719,5719,5719,5719,5719,5719,5719,5719,

5723,5723,5723,5723,5723,5723,5723,5723,5723,5723,5723,5723,5723,5723,5723,5723,5723,5723,5723,5723,5723,5723,5723,5723,5723,5723,5723,5723,5723,5723,5723,5723,5723,5723,5723,5723,5723,5723,5723,5723,5723,5723,5723,5723,5723,5723,5723,5723,5723,5723,

5721,5721,5721,5721,5721,5721,5721,5721,5721,5721,5721,5721,5721,5721,5721,5721,5721,5721,5721,5721,5721,5721,5721,5721,5721,5721,5721,5721,5721,5721,5721,5721,5721,5721,5721,5721,5721,5721,5721,5721,5721,5721,5721,5721,5721,5721,5721,5721,5721,5721,

5717,5717,5717,5717,5717,5717,5717,5717,5717,5717,5717,5717,5717,5717,5717,5717,5717,5717,5717,5717,5717,5717,5717,5717,5717,5717,5717,5717,5717,5717,5717,5717,5717,5717,5717,5717,5717,5717,5717,5717,5717,5717,5717,5717,5717,5717,5717,5717,5717,5717,

5724,5724,5724,5724,5724,5724,5724,5724,5724,5724,5724,5724,5724,5724,5724,5724,5724,5724,5724,5724,5724,5724,5724,5724,5724,5724,5724,5724,5724,5724,5724,5724,5724,5724,5724,5724,5724,5724,5724,5724,5724,5724,5724,5724,5724,5724,5724,5724,5724,5724,

5722,5722,5722,5722,5722,5722,5722,5722,5722,5722,5722,5722,5722,5722,5722,5722,5722,5722,5722,5722,5722,5722,5722,5722,5722,5722,5722,5722,5722,5722,5722,5722,5722,5722,5722,5722,5722,5722,5722,5722,5722,5722,5722,5722,5722,5722,5722,5722,5722,5722,

